 <pre>

 Contingency table for Low clouds (octas)
 Selection: Ireland     27 stations
Period: 20200203-20200217
Used {00,12} + 01 02 ... 24
 Limits    1.00000000       2.00000000       3.00000000       4.00000000       5.00000000       6.00000000       7.00000000    
 Each class is data <= limit, the very last > last limit
 Total number of values       17391
                                              OBSERVATION
                                   2262      702      750      613      547      514     1044      406 |      6838
                                     87       68       94       70       80       79      160       46 |       684
                                     78       41       59       58       59       55      119       32 |       501
              Wopt_F_SC_T_SA_F       62       50       51       46       44       52      100       31 |       436
                                     59       42       44       41       35       66      119       49 |       455
                                     63       39       49       59       39       45      114       38 |       446
                                     88       72       86       54       96       93      210       69 |       768
                                    503      490      531      565      633      729     2435     1377 |      7263

                    SUM            3202     1504     1664     1506     1533     1633     4301     2048 |     17391
                                              OBSERVATION
                                   2365      811      857      745      657      629     1196      417 |      7677
                                    105       62       83       69       68       65      149       43 |       644
                                     64       40       56       45       55       56      126       30 |       472
              Wopt_F_SC_F_SA_F       48       27       40       47       42       51      111       29 |       395
                                     44       42       40       25       38       40       93       38 |       360
                                     52       38       42       40       61       59      125       49 |       466
                                     69       57       67       63       63       68      181       60 |       628
                                    455      427      479      472      549      665     2320     1382 |      6749

                    SUM            3202     1504     1664     1506     1533     1633     4301     2048 |     17391
                                              OBSERVATION
                                   2224      696      751      627      547      520     1022      403 |      6790
                                    101       58       89       69       69       64      175       48 |       673
                                     76       53       63       47       48       57      102       33 |       479
              Wopt_F_SC_T_SA_T       55       50       40       35       41       41       98       23 |       383
                                     64       38       42       51       36       53      113       42 |       439
                                     67       49       53       51       57       51      120       50 |       498
                                     97       57       73       62       78       88      188       69 |       712
                                    518      503      553      564      657      759     2483     1380 |      7417

                    SUM            3202     1504     1664     1506     1533     1633     4301     2048 |     17391
                                              OBSERVATION
                                   2269      748      794      673      615      551     1145      429 |      7224
                                    100       71       75       79       75       61      148       38 |       647
                                     65       38       58       51       56       60      107       25 |       460
              Wopt_T_SC_T_SA_F       57       54       44       42       41       53       96       33 |       420
                                     53       42       41       40       37       58      118       45 |       434
                                     65       34       65       53       56       45      131       40 |       489
                                     96       55       78       71       77       92      183       77 |       729
                                    497      462      509      497      576      713     2373     1361 |      6988

                    SUM            3202     1504     1664     1506     1533     1633     4301     2048 |     17391
                                              OBSERVATION
                                   2260      746      781      682      626      535     1123      417 |      7170
                                     95       60       77       64       86       78      148       46 |       654
                                     61       35       68       52       50       68      120       29 |       483
              Wopt_T_SC_T_SA_T       53       46       57       42       41       49      102       28 |       418
                                     49       36       48       36       30       48      115       48 |       410
                                     73       45       52       55       52       53      121       37 |       488
                                     89       56       64       66       78       79      191       80 |       703
                                    522      480      517      509      570      723     2381     1363 |      7065

                    SUM            3202     1504     1664     1506     1533     1633     4301     2048 |     17391

