 <pre>

 Contingency table for Low clouds (octas)
 Selection: ALL     32 stations
Period: 20200203-20200217
Used {00,12} + 01 02 ... 24
 Limits    1.00000000       2.00000000       3.00000000       4.00000000       5.00000000       6.00000000       7.00000000    
 Each class is data <= limit, the very last > last limit
 Total number of values       20517
                                              OBSERVATION
                                   2669      902      923      793      691      644     1191      453 |      8266
                                    116       81      113       81       92       96      179       51 |       809
                                     92       50       75       65       72       67      128       35 |       584
              Wopt_F_SC_T_SA_F       71       55       58       54       50       59      110       38 |       495
                                     77       50       51       48       43       77      127       54 |       527
                                     82       55       60       72       53       53      120       41 |       536
                                    110       90      100       66      110      107      226       75 |       884
                                    595      625      672      675      782      863     2706     1498 |      8416

                    SUM            3812     1908     2052     1854     1893     1966     4787     2245 |     20517
                                              OBSERVATION
                                   2836     1067     1063      951      828      786     1371      465 |      9367
                                    118       77       95       76       77       75      160       47 |       725
                                     74       49       66       55       63       65      136       33 |       541
              Wopt_F_SC_F_SA_F       58       34       48       56       48       59      118       32 |       453
                                     55       44       43       35       46       47      103       42 |       415
                                     57       53       49       45       69       65      132       53 |       523
                                     79       66       79       71       73       79      189       65 |       701
                                    535      518      609      565      689      790     2578     1508 |      7792

                    SUM            3812     1908     2052     1854     1893     1966     4787     2245 |     20517
                                              OBSERVATION
                                   2630      893      923      795      688      648     1173      450 |      8200
                                    119       79      107       75       83       74      194       53 |       784
                                     92       63       78       62       61       70      110       36 |       572
              Wopt_F_SC_T_SA_T       67       55       44       38       46       49      107       30 |       436
                                     82       45       48       60       44       62      121       46 |       508
                                     84       63       62       61       66       61      127       51 |       575
                                    123       73       95       74       93      102      204       75 |       839
                                    615      637      695      689      812      900     2751     1504 |      8603

                    SUM            3812     1908     2052     1854     1893     1966     4787     2245 |     20517
                                              OBSERVATION
                                   2710      981      981      857      777      692     1300      474 |      8772
                                    119       84       87       93       83       72      171       44 |       753
                                     80       51       67       58       66       71      115       28 |       536
              Wopt_T_SC_T_SA_F       68       56       50       48       51       59      103       38 |       473
                                     63       53       45       48       43       66      128       51 |       497
                                     74       46       81       60       69       56      139       42 |       567
                                    117       67       97       87       94      107      195       85 |       849
                                    581      570      644      603      710      843     2636     1483 |      8070

                    SUM            3812     1908     2052     1854     1893     1966     4787     2245 |     20517
                                              OBSERVATION
                                   2710      980      974      883      793      682     1279      465 |      8766
                                    110       73       89       73       99       86      164       54 |       748
                                     73       45       77       59       58       80      127       31 |       550
              Wopt_T_SC_T_SA_T       70       55       62       45       46       56      112       33 |       479
                                     62       41       57       42       39       53      120       53 |       467
                                     81       55       61       63       64       60      127       38 |       549
                                    108       70       78       73       92       90      206       85 |       802
                                    598      589      654      616      702      859     2652     1486 |      8156

                    SUM            3812     1908     2052     1854     1893     1966     4787     2245 |     20517

